{
  "advancedEditorSelectedIdentifier" : "ProjectBrowser",
  "openSceneRelativePaths" : [

  ],
  "recentIdentifiers" : {
    "F83BF15C-6201-4BA6-A4FC-B19AEA51F157" : [

    ]
  },
  "sceneCameraHistory" : {
    "9F704372-5958-43DF-B637-DCAD6448D2B6" : [
      {
        "date" : 730515738.99232805,
        "title" : "Untitled",
        "transform" : [
          0.91825747489929199,
          1.4885417343180052e-08,
          0.39598402380943298,
          0,
          0.17112275958061218,
          0.90180391073226929,
          -0.39682087302207947,
          0,
          -0.35709992051124573,
          0.43214565515518188,
          0.82808810472488403,
          0,
          -0.0069801998324692249,
          0.014805239625275135,
          0.029001530259847641,
          1
        ]
      },
      {
        "date" : 730515249.70574701,
        "title" : "Untitled",
        "transform" : [
          1,
          0,
          0,
          0,
          0,
          0.86602544784545898,
          -0.49999994039535522,
          0,
          0,
          0.49999994039535522,
          0.86602544784545898,
          0,
          0.0050745224580168724,
          0.0170148815959692,
          0.028173569589853287,
          1
        ]
      },
      {
        "date" : 730515231.79000604,
        "title" : "Untitled",
        "transform" : [
          1,
          0,
          -0,
          0,
          -0,
          0.86602544784545898,
          -0.49999994039535522,
          0,
          0,
          0.49999994039535522,
          0.86602544784545898,
          0,
          0.0049592945724725723,
          0.0079892873764038086,
          0.015613585710525513,
          1
        ]
      },
      {
        "date" : 730515215.90616906,
        "title" : "Untitled",
        "transform" : [
          1,
          0,
          0,
          0,
          0,
          0.86602544784545898,
          -0.49999994039535522,
          0,
          0,
          0.49999994039535522,
          0.86602544784545898,
          0,
          6.4203486545011401e-05,
          0.1473805159330368,
          0.25567761063575745,
          1
        ]
      },
      {
        "date" : 730515203.03659403,
        "title" : "Untitled",
        "transform" : [
          1,
          0,
          -0,
          0,
          -0,
          0.86602544784545898,
          -0.49999994039535522,
          0,
          0,
          0.49999994039535522,
          0.86602544784545898,
          0,
          5.0000006012851372e-05,
          0.00017378339543938637,
          0.00030028691980987787,
          1
        ]
      },
      {
        "date" : 730515201.08906496,
        "title" : "Untitled",
        "transform" : [
          1,
          0,
          0,
          0,
          0,
          0.86602544784545898,
          -0.49999994039535522,
          0,
          0,
          0.49999994039535522,
          0.86602544784545898,
          0,
          0.00010481643403181806,
          5.136243999004364e-06,
          0.00015791319310665131,
          1
        ]
      },
      {
        "date" : 730515196.63472199,
        "title" : "Untitled",
        "transform" : [
          1,
          0,
          -0,
          0,
          -0,
          0.86602544784545898,
          -0.49999994039535522,
          0,
          0,
          0.49999994039535522,
          0.86602544784545898,
          0,
          0.00010003149509429932,
          6.1899423599243164e-05,
          0.00012513995170593262,
          1
        ]
      },
      {
        "date" : 730515180.58643103,
        "title" : "Untitled",
        "transform" : [
          1,
          0,
          -0,
          0,
          -0,
          0.86602544784545898,
          -0.49999994039535522,
          0,
          0,
          0.49999994039535522,
          0.86602544784545898,
          0,
          0,
          0.21115024387836456,
          0.36572295427322388,
          1
        ]
      }
    ],
    "AF09ED6F-1707-48FD-8720-65B998362C09" : [
      {
        "date" : 730514751.400509,
        "title" : "Untitled",
        "transform" : [
          1,
          0,
          -0,
          0,
          -0,
          0.86602449417114258,
          -0.50000160932540894,
          0,
          0,
          0.50000160932540894,
          0.86602449417114258,
          0,
          0,
          3.850355863571167,
          4.5516724586486816,
          1
        ]
      }
    ],
    "D66134B1-3681-4A8E-AFE5-29F257229F3B" : [
      {
        "date" : 730514751.43331504,
        "title" : "Untitled",
        "transform" : [
          1,
          0,
          -0,
          0,
          -0,
          0.86602550745010376,
          -0.49999982118606567,
          0,
          0,
          0.49999982118606567,
          0.86602550745010376,
          0,
          0,
          0.22381456196308136,
          0.38785821199417114,
          1
        ]
      }
    ],
    "F83BF15C-6201-4BA6-A4FC-B19AEA51F157" : [
      {
        "date" : 730515150.38844895,
        "title" : "Untitled",
        "transform" : [
          1,
          0,
          0,
          0,
          0,
          0.86602550745010376,
          -0.49999982118606567,
          0,
          0,
          0.49999982118606567,
          0.86602550745010376,
          0,
          0.00024246188695542514,
          0.0042285677045583725,
          0.017628910019993782,
          1
        ]
      },
      {
        "date" : 730515111.566921,
        "title" : "Untitled",
        "transform" : [
          1,
          0,
          0,
          0,
          0,
          0.86602550745010376,
          -0.49999982118606567,
          0,
          0,
          0.49999982118606567,
          0.86602550745010376,
          0,
          5.9202342526987195e-05,
          0.0077833095565438271,
          0.015576579608023167,
          1
        ]
      },
      {
        "date" : 730515066.83665597,
        "title" : "Untitled",
        "transform" : [
          1,
          0,
          -0,
          0,
          -0,
          0.86602550745010376,
          -0.49999982118606567,
          0,
          0,
          0.49999982118606567,
          0.86602550745010376,
          0,
          -1.1641532182693481e-10,
          0.0012378329411149025,
          0.0025028707459568977,
          1
        ]
      },
      {
        "date" : 730514989.36923003,
        "title" : "Untitled",
        "transform" : [
          1,
          0,
          0,
          0,
          0,
          0.86602550745010376,
          -0.49999982118606567,
          0,
          0,
          0.49999982118606567,
          0.86602550745010376,
          0,
          0.0009787360904738307,
          0.0096792075783014297,
          0.017918718978762627,
          1
        ]
      },
      {
        "date" : 730514870.83830094,
        "title" : "Untitled",
        "transform" : [
          1,
          0,
          0,
          0,
          0,
          0.86602550745010376,
          -0.49999982118606567,
          0,
          0,
          0.49999982118606567,
          0.86602550745010376,
          0,
          3.2014213502407074e-10,
          0.0070939972065389156,
          0.019411290064454079,
          1
        ]
      },
      {
        "date" : 730514845.87006104,
        "title" : "Untitled",
        "transform" : [
          1,
          0,
          0,
          0,
          0,
          0.86602550745010376,
          -0.49999982118606567,
          0,
          0,
          0.49999982118606567,
          0.86602550745010376,
          0,
          3.1894500929219305e-10,
          0.0070939972065389156,
          0.019411290064454079,
          1
        ]
      },
      {
        "date" : 730514839.25853002,
        "title" : "Untitled",
        "transform" : [
          1,
          0,
          -0,
          0,
          -0,
          0.86602550745010376,
          -0.49999982118606567,
          0,
          0,
          0.49999982118606567,
          0.86602550745010376,
          0,
          -1.4551915228366852e-11,
          0.0012378335231915116,
          0.0025028695818036795,
          1
        ]
      },
      {
        "date" : 730514837.58625603,
        "title" : "Untitled",
        "transform" : [
          1,
          0,
          0,
          0,
          0,
          0.86602550745010376,
          -0.49999982118606567,
          0,
          0,
          0.49999982118606567,
          0.86602550745010376,
          0,
          8.0378551501780748e-05,
          0.0010463830549269915,
          0.0026133784558624029,
          1
        ]
      },
      {
        "date" : 730514834.516415,
        "title" : "Untitled",
        "transform" : [
          1,
          0,
          -0,
          0,
          -0,
          0.86602550745010376,
          -0.49999982118606567,
          0,
          0,
          0.49999982118606567,
          0.86602550745010376,
          0,
          0,
          0.0012378096580505371,
          0.0025028586387634277,
          1
        ]
      },
      {
        "date" : 730514780.60167897,
        "title" : "Untitled",
        "transform" : [
          1,
          0,
          -0,
          0,
          -0,
          0.86602550745010376,
          -0.49999982118606567,
          0,
          0,
          0.49999982118606567,
          0.86602550745010376,
          0,
          0,
          0.22343291342258453,
          0.38699719309806824,
          1
        ]
      }
    ]
  }
}